   350.00000000     0.59199782
   355.00000000     0.54411415
   360.00000000     0.50203252
   365.00000000     0.46400443
   370.00000000     0.43036299
   375.00000000     0.40130329
   380.00000000     0.37625565
   385.00000000     0.35641369
   390.00000000     0.34152245
   395.00000000     0.33175791
   400.00000000     0.32751206
   405.00000000     0.32782241
   410.00000000     0.33363286
   415.00000000     0.34457687
   420.00000000     0.36065421
   425.00000000     0.38116237
   430.00000000     0.40570007
   435.00000000     0.43366834
   440.00000000     0.46420272
   445.00000000     0.49641155
   450.00000000     0.52923200
   455.00000000     0.56171979
   460.00000000     0.59220775
   465.00000000     0.61983659
   470.00000000     0.64281276
   475.00000000     0.66312550
   480.00000000     0.67682265
   485.00000000     0.68470274
   490.00000000     0.68650051
   495.00000000     0.68233329
   500.00000000     0.67229495
   505.00000000     0.65866228
   510.00000000     0.64059127
   515.00000000     0.62009787
   520.00000000     0.59872995
   525.00000000     0.57813173
   530.00000000     0.55994446
   535.00000000     0.54581394
   540.00000000     0.53718598
   545.00000000     0.53532235
   550.00000000     0.54114991
   555.00000000     0.55520272
   560.00000000     0.57831516
   565.00000000     0.60763310
   570.00000000     0.64502307
   575.00000000     0.68841123
   580.00000000     0.73592281
   585.00000000     0.78587855
   590.00000000     0.83505544
   595.00000000     0.88174129
   600.00000000     0.92339976
   605.00000000     0.95778412
   610.00000000     0.98301198
   615.00000000     0.99182090
   620.00000000     1.00000000
   625.00000000     0.99081826
   630.00000000     0.96905264
   635.00000000     0.93571866
   640.00000000     0.89190610
   645.00000000     0.83916995
   650.00000000     0.77927707
   655.00000000     0.71425075
   660.00000000     0.64607247
   665.00000000     0.57689590
   670.00000000     0.50841798
   675.00000000     0.44228106
   680.00000000     0.37981255
   685.00000000     0.32202230
   690.00000000     0.26955608
   695.00000000     0.22285871
   700.00000000     0.18196871
