   350.00000000     0.59199702
   355.00000000     0.54411341
   360.00000000     0.50203184
   365.00000000     0.46400382
   370.00000000     0.43036245
   375.00000000     0.40130280
   380.00000000     0.37625523
   385.00000000     0.35641331
   390.00000000     0.34152212
   395.00000000     0.33175761
   400.00000000     0.32751179
   405.00000000     0.32782216
   410.00000000     0.33363261
   415.00000000     0.34457661
   420.00000000     0.36065394
   425.00000000     0.38116207
   430.00000000     0.40569974
   435.00000000     0.43366797
   440.00000000     0.46420230
   445.00000000     0.49641108
   450.00000000     0.52923147
   455.00000000     0.56171919
   460.00000000     0.59220708
   465.00000000     0.61983586
   470.00000000     0.64281196
   475.00000000     0.66312464
   480.00000000     0.67682174
   485.00000000     0.68470178
   490.00000000     0.68649951
   495.00000000     0.68233227
   500.00000000     0.67229392
   505.00000000     0.65866125
   510.00000000     0.64059026
   515.00000000     0.62009688
   520.00000000     0.59872900
   525.00000000     0.57813083
   530.00000000     0.55994362
   535.00000000     0.54581317
   540.00000000     0.53718528
   545.00000000     0.53532172
   550.00000000     0.54114936
   555.00000000     0.55520224
   560.00000000     0.57831475
   565.00000000     0.60763275
   570.00000000     0.64502278
   575.00000000     0.68841100
   580.00000000     0.73592262
   585.00000000     0.78587840
   590.00000000     0.83505533
   595.00000000     0.88174121
   600.00000000     0.92339970
   605.00000000     0.95778408
   610.00000000     0.98301195
   615.00000000     0.99182089
   620.00000000     1.00000000
   625.00000000     0.99081827
   630.00000000     0.96905265
   635.00000000     0.93571868
   640.00000000     0.89190611
   645.00000000     0.83916997
   650.00000000     0.77927709
   655.00000000     0.71425077
   660.00000000     0.64607248
   665.00000000     0.57689592
   670.00000000     0.50841799
   675.00000000     0.44228108
   680.00000000     0.37981256
   685.00000000     0.32202231
   690.00000000     0.26955609
   695.00000000     0.22285871
   700.00000000     0.18196872
