   350.00000000     0.59199844
   355.00000000     0.54411481
   360.00000000     0.50203323
   365.00000000     0.46400519
   370.00000000     0.43036380
   375.00000000     0.40130413
   380.00000000     0.37625652
   385.00000000     0.35641457
   390.00000000     0.34152335
   395.00000000     0.33175881
   400.00000000     0.32751294
   405.00000000     0.32782327
   410.00000000     0.33363368
   415.00000000     0.34457765
   420.00000000     0.36065494
   425.00000000     0.38116303
   430.00000000     0.40570067
   435.00000000     0.43366887
   440.00000000     0.46420317
   445.00000000     0.49641192
   450.00000000     0.52923229
   455.00000000     0.56172000
   460.00000000     0.59220789
   465.00000000     0.61983667
   470.00000000     0.64281277
   475.00000000     0.66312545
   480.00000000     0.67682255
   485.00000000     0.68470260
   490.00000000     0.68650033
   495.00000000     0.68233310
   500.00000000     0.67229474
   505.00000000     0.65866205
   510.00000000     0.64059105
   515.00000000     0.62009765
   520.00000000     0.59872974
   525.00000000     0.57813154
   530.00000000     0.55994429
   535.00000000     0.54581380
   540.00000000     0.53718586
   545.00000000     0.53532225
   550.00000000     0.54114984
   555.00000000     0.55520267
   560.00000000     0.57831513
   565.00000000     0.60763308
   570.00000000     0.64502307
   575.00000000     0.68841124
   580.00000000     0.73592282
   585.00000000     0.78587856
   590.00000000     0.83505545
   595.00000000     0.88174130
   600.00000000     0.92339976
   605.00000000     0.95778412
   610.00000000     0.98301197
   615.00000000     0.99182090
   620.00000000     1.00000000
   625.00000000     0.99081827
   630.00000000     0.96905266
   635.00000000     0.93571869
   640.00000000     0.89190614
   645.00000000     0.83917001
   650.00000000     0.77927715
   655.00000000     0.71425085
   660.00000000     0.64607258
   665.00000000     0.57689603
   670.00000000     0.50841812
   675.00000000     0.44228121
   680.00000000     0.37981271
   685.00000000     0.32202246
   690.00000000     0.26955624
   695.00000000     0.22285886
   700.00000000     0.18196886
