   350.00000000     0.59199736
   355.00000000     0.54411362
   360.00000000     0.50203191
   365.00000000     0.46400376
   370.00000000     0.43036226
   375.00000000     0.40130249
   380.00000000     0.37625481
   385.00000000     0.35641281
   390.00000000     0.34152155
   395.00000000     0.33175700
   400.00000000     0.32751116
   405.00000000     0.32782153
   410.00000000     0.33363201
   415.00000000     0.34457607
   420.00000000     0.36065348
   425.00000000     0.38116171
   430.00000000     0.40569950
   435.00000000     0.43366786
   440.00000000     0.46420233
   445.00000000     0.49641127
   450.00000000     0.52923182
   455.00000000     0.56171971
   460.00000000     0.59220777
   465.00000000     0.61983671
   470.00000000     0.64281296
   475.00000000     0.66312578
   480.00000000     0.67682301
   485.00000000     0.68470315
   490.00000000     0.68650096
   495.00000000     0.68233379
   500.00000000     0.67229546
   505.00000000     0.65866280
   510.00000000     0.64059179
   515.00000000     0.62009837
   520.00000000     0.59873043
   525.00000000     0.57813218
   530.00000000     0.55994487
   535.00000000     0.54581431
   540.00000000     0.53718630
   545.00000000     0.53532262
   550.00000000     0.54115014
   555.00000000     0.55520291
   560.00000000     0.57831531
   565.00000000     0.60763320
   570.00000000     0.64502314
   575.00000000     0.68841129
   580.00000000     0.73592284
   585.00000000     0.78587858
   590.00000000     0.83505546
   595.00000000     0.88174130
   600.00000000     0.92339977
   605.00000000     0.95778413
   610.00000000     0.98301198
   615.00000000     0.99182090
   620.00000000     1.00000000
   625.00000000     0.99081826
   630.00000000     0.96905262
   635.00000000     0.93571863
   640.00000000     0.89190605
   645.00000000     0.83916988
   650.00000000     0.77927698
   655.00000000     0.71425064
   660.00000000     0.64607234
   665.00000000     0.57689576
   670.00000000     0.50841782
   675.00000000     0.44228089
   680.00000000     0.37981237
   685.00000000     0.32202212
   690.00000000     0.26955590
   695.00000000     0.22285853
   700.00000000     0.18196855
