   350.00000000     0.59200914
   355.00000000     0.54412478
   360.00000000     0.50204240
   365.00000000     0.46401354
   370.00000000     0.43037134
   375.00000000     0.40131089
   380.00000000     0.37626255
   385.00000000     0.35641995
   390.00000000     0.34152817
   395.00000000     0.33176317
   400.00000000     0.32751698
   405.00000000     0.32782708
   410.00000000     0.33363739
   415.00000000     0.34458138
   420.00000000     0.36065882
   425.00000000     0.38116719
   430.00000000     0.40570521
   435.00000000     0.43367390
   440.00000000     0.46420879
   445.00000000     0.49641822
   450.00000000     0.52923933
   455.00000000     0.56172784
   460.00000000     0.59221654
   465.00000000     0.61984613
   470.00000000     0.64282303
   475.00000000     0.66313646
   480.00000000     0.67683422
   485.00000000     0.68471483
   490.00000000     0.68651300
   495.00000000     0.68234606
   500.00000000     0.67230782
   505.00000000     0.65867514
   510.00000000     0.64060394
   515.00000000     0.62011018
   520.00000000     0.59874176
   525.00000000     0.57814292
   530.00000000     0.55995492
   535.00000000     0.54582360
   540.00000000     0.53719477
   545.00000000     0.53533024
   550.00000000     0.54115690
   555.00000000     0.55520882
   560.00000000     0.57832041
   565.00000000     0.60763754
   570.00000000     0.64502677
   575.00000000     0.68841426
   580.00000000     0.73592523
   585.00000000     0.78588046
   590.00000000     0.83505689
   595.00000000     0.88174236
   600.00000000     0.92340050
   605.00000000     0.95778460
   610.00000000     0.98301225
   615.00000000     0.99182102
   620.00000000     1.00000000
   625.00000000     0.99081818
   630.00000000     0.96905251
   635.00000000     0.93571851
   640.00000000     0.89190595
   645.00000000     0.83916982
   650.00000000     0.77927696
   655.00000000     0.71425068
   660.00000000     0.64607243
   665.00000000     0.57689590
   670.00000000     0.50841801
   675.00000000     0.44228113
   680.00000000     0.37981265
   685.00000000     0.32202242
   690.00000000     0.26955622
   695.00000000     0.22285885
   700.00000000     0.18196886
