              #      calc1.dat      calc2.dat      calc3.dat
   350.00000000     0.00832704     0.10070547     0.02181468
   355.00000000     0.00722310     0.09336732     0.02194720
   360.00000000     0.00640575     0.08555190     0.02208324
   365.00000000     0.00577655     0.07754190     0.02220035
   370.00000000     0.00531620     0.06966044     0.02227435
   375.00000000     0.00500415     0.06215528     0.02230540
   380.00000000     0.00482684     0.05499880     0.02225916
   385.00000000     0.00477216     0.04873060     0.02212573
   390.00000000     0.00482776     0.04337870     0.02189907
   395.00000000     0.00498740     0.03906745     0.02157396
   400.00000000     0.00524356     0.03600221     0.02114896
   405.00000000     0.00559212     0.03387630     0.02062752
   410.00000000     0.00602760     0.03305665     0.02001720
   415.00000000     0.00654124     0.03350945     0.01930640
   420.00000000     0.00712520     0.03517495     0.01857742
   425.00000000     0.00776512     0.03801730     0.01777580
   430.00000000     0.00844400     0.04197880     0.01694370
   435.00000000     0.00914376     0.04697975     0.01609898
   440.00000000     0.00983876     0.05291505     0.01525850
   445.00000000     0.01050552     0.05965275     0.01443812
   450.00000000     0.01111716     0.06703305     0.01365214
   455.00000000     0.01164804     0.07493400     0.01291028
   460.00000000     0.01207564     0.08295636     0.01222012
   465.00000000     0.01237322     0.09102624     0.01158582
   470.00000000     0.01250357     0.09884166     0.01100652
   475.00000000     0.01257599     0.10614544     0.01048152
   480.00000000     0.01246871     0.11262514     0.01000554
   485.00000000     0.01223378     0.11811609     0.00957186
   490.00000000     0.01188939     0.12237026     0.00917795
   495.00000000     0.01146241     0.12521104     0.00881280
   500.00000000     0.01098474     0.12639312     0.00847599
   505.00000000     0.01049654     0.12636576     0.00816600
   510.00000000     0.01004081     0.12445798     0.00788238
   515.00000000     0.00966142     0.12098848     0.00762791
   520.00000000     0.00940466     0.11608732     0.00740759
   525.00000000     0.00931550     0.10992985     0.00722642
   530.00000000     0.00943394     0.10273187     0.00709066
   535.00000000     0.00979679     0.09474045     0.00700542
   540.00000000     0.01043160     0.08621426     0.00697533
   545.00000000     0.01135889     0.07741424     0.00700161
   550.00000000     0.01258747     0.06858781     0.00708452
   555.00000000     0.01411399     0.05995772     0.00722002
   560.00000000     0.01595108     0.05171493     0.00740237
   565.00000000     0.01796880     0.04400870     0.00762279
   570.00000000     0.02023112     0.03695114     0.00787028
   575.00000000     0.02264904     0.03061154     0.00813321
   580.00000000     0.02514586     0.02502201     0.00839958
   585.00000000     0.02764135     0.02031307     0.00865802
   590.00000000     0.03004800     0.01614616     0.00889181
   595.00000000     0.03227595     0.01269060     0.00911130
   600.00000000     0.03423985     0.00984436     0.00929030
   605.00000000     0.03585749     0.00753791     0.00942930
   610.00000000     0.03706175     0.00569872     0.00952800
   615.00000000     0.03757029     0.00425381     0.00958370
   620.00000000     0.03802379     0.00313628     0.00959640
   625.00000000     0.03775840     0.00228515     0.00956630
   630.00000000     0.03697160     0.00164552     0.00949520
   635.00000000     0.03570930     0.00117198     0.00938310
   640.00000000     0.03401955     0.00082659     0.00922990
   645.00000000     0.03196845     0.00057792     0.00903470
   650.00000000     0.02962965     0.00040154     0.00879740
   655.00000000     0.02708665     0.00027798     0.00851714
   660.00000000     0.02442250     0.00019332     0.00818261
   665.00000000     0.02171925     0.00013654     0.00782500
   670.00000000     0.01905035     0.00009972     0.00741900
   675.00000000     0.01648025     0.00007733     0.00697600
   680.00000000     0.01406155     0.00006543     0.00650200
   685.00000000     0.01183390     0.00006200     0.00600300
   690.00000000     0.00982205     0.00006455     0.00548700
   695.00000000     0.00804240     0.00007159     0.00496300
   700.00000000     0.00649480     0.00008314     0.00444050
