   350.00000000     0.42741885
   355.00000000     0.38821929
   360.00000000     0.35738549
   365.00000000     0.34711757
   370.00000000     0.33368390
   375.00000000     0.33003773
   380.00000000     0.31850621
   385.00000000     0.32964337
   390.00000000     0.33469497
   395.00000000     0.32474824
   400.00000000     0.33163250
   405.00000000     0.34432461
   410.00000000     0.37176691
   415.00000000     0.38131180
   420.00000000     0.39694640
   425.00000000     0.42183682
   430.00000000     0.44427953
   435.00000000     0.45841009
   440.00000000     0.47953712
   445.00000000     0.50091085
   450.00000000     0.52975691
   455.00000000     0.56030711
   460.00000000     0.58150169
   465.00000000     0.61086632
   470.00000000     0.64038208
   475.00000000     0.67283277
   480.00000000     0.68424513
   485.00000000     0.69707596
   490.00000000     0.70142526
   495.00000000     0.68997586
   500.00000000     0.67413354
   505.00000000     0.64609804
   510.00000000     0.61737530
   515.00000000     0.59237024
   520.00000000     0.56222119
   525.00000000     0.55609610
   530.00000000     0.55406051
   535.00000000     0.56693059
   540.00000000     0.58860955
   545.00000000     0.61028852
   550.00000000     0.63211175
   555.00000000     0.66778373
   560.00000000     0.69229082
   565.00000000     0.73292460
   570.00000000     0.76933016
   575.00000000     0.80991650
   580.00000000     0.84846862
   585.00000000     0.86783416
   590.00000000     0.91380458
   595.00000000     0.95052502
   600.00000000     0.97302336
   605.00000000     0.99568052
   610.00000000     0.98665594
   615.00000000     0.99083810
   620.00000000     1.00000000
   625.00000000     0.99333074
   630.00000000     0.97831937
   635.00000000     0.96272402
   640.00000000     0.94670976
   645.00000000     0.90159102
   650.00000000     0.88413486
   655.00000000     0.84510833
   660.00000000     0.82625673
   665.00000000     0.78346280
   670.00000000     0.75157854
   675.00000000     0.70320674
   680.00000000     0.66155468
   685.00000000     0.62132109
   690.00000000     0.55534262
   695.00000000     0.51551739
   700.00000000     0.48417383
